NAME : tsp.318212.tour
COMMENT : Length = 318212
COMMENT : Found by LKH [Keld Helsgaun] Thu May  7 05:21:38 2026
TYPE : TOUR
DIMENSION : 10001
TOUR_SECTION
1
1803
6034
5887
6276
6252
984
2400
5535
8636
5891
8892
7622
2974
4350
7094
870
1245
1907
998
8138
448
713
8990
4211
9426
1893
2212
3130
1065
158
3158
6948
6107
9570
7374
9598
1475
1022
2812
6757
4154
8131
5337
5588
560
5910
4386
1742
8665
2391
512
1732
6945
6183
9243
5728
9933
6025
6954
9244
3879
1111
536
9956
9527
5010
841
4314
8826
6056
8423
6170
5355
3612
2891
7708
576
4933
1083
476
7896
5800
8695
5465
70
9165
2131
1923
926
2584
645
9506
9565
5847
8401
9075
2984
1622
5928
1490
8889
1605
7918
5799
2519
3011
2331
257
4487
8895
6864
9816
9232
7299
3975
723
5234
292
8352
7854
1676
1050
6801
9001
4449
7825
7136
5574
3063
4777
6360
5056
6917
5668
9629
8157
7929
8426
6285
5894
7252
4316
726
7465
3829
2251
4224
2179
8204
1653
2601
6773
1171
1913
2409
6857
7660
5818
1941
8427
6274
6715
9677
6631
8264
5165
9499
4743
1610
2431
9658
338
9833
9456
8710
2739
5759
6139
5584
6944
47
7500
8674
5218
4466
4416
2355
7505
1787
4804
2318
69
8878
8839
1488
6865
8480
9901
6384
5734
5660
4356
1377
8378
7628
2012
703
8143
9596
6187
6463
417
7481
8286
5645
544
2142
7066
4723
6636
6653
1457
2587
8788
4606
260
7727
4751
1435
1300
4112
112
4462
1314
6771
5340
7288
2329
6687
9716
4084
6005
9786
7031
8542
315
6375
1026
7848
1298
5488
8867
4299
4608
5896
1067
8700
3892
6189
99
2457
4536
728
8006
5333
7003
1035
3806
4779
5458
856
9280
1200
669
1220
1473
4460
442
1508
4294
7827
3548
9984
4385
1074
6092
8719
6889
8631
6434
9769
5341
7047
6123
8030
727
2970
4365
5244
7280
898
1293
2326
5266
7020
2273
6802
8312
7984
9714
1682
227
705
6873
8651
1514
6447
3110
9867
4727
7035
518
2230
5076
4320
9379
2435
9862
7079
9806
4748
4541
6465
1830
9507
1430
6320
595
1844
3988
2582
1222
9540
3980
670
4161
8545
6721
8043
6077
1363
5315
849
9682
4251
3432
7116
5381
2922
6323
9078
3462
467
3589
184
6893
5648
8084
3485
1396
3864
8532
5204
4063
7637
8615
1002
9346
5519
1282
6567
5072
9824
7436
2887
8077
4737
9394
5242
4989
7952
4443
1778
2585
6530
3481
5975
7369
5167
116
7820
3284
5613
8594
1015
3793
9245
4998
2265
4266
8436
7250
7754
5107
4720
1152
3818
7809
7226
3071
5605
6112
7904
1471
7400
6421
1143
2809
5328
6157
9454
9864
7877
9754
49
4226
190
6927
9838
5214
1719
6763
3012
5980
4959
5097
3315
2627
8056
1701
9371
3750
4138
1990
3779
3967
1937
7246
3142
5470
3565
749
8875
9566
9300
8960
871
9973
8152
9419
4076
4465
5653
1934
8168
6155
8468
1029
2489
8099
2473
4539
1720
2691
8939
6565
8068
3841
9081
8519
8251
3327
7729
1521
843
9998
9226
2725
7101
6654
2235
1832
498
2270
4679
557
2744
3791
5610
8707
4590
4928
4503
6316
5129
4821
1785
2898
7675
7069
1189
7996
8036
9947
1527
5228
215
6808
5273
5450
7993
1024
332
4174
428
2213
6444
1102
9444
5528
5639
1206
1734
8908
2940
236
9335
9559
3127
7704
7456
6177
7349
6135
6279
7824
2060
3417
2243
6647
7210
916
3728
101
7545
9163
1861
7944
9271
7462
2559
8156
133
5140
5152
9141
7153
6094
8756
6551
9784
6346
4676
7898
6685
5864
394
5200
725
7945
9373
1984
8235
5490
3920
2316
8765
58
7007
2734
6368
5481
3761
8058
4216
1848
2112
282
5716
5397
6582
561
6810
8135
3803
3054
7103
5606
3725
1683
8076
9783
2066
1820
4876
4496
5898
2769
1847
2924
3586
3812
5504
2843
4732
3571
3519
4041
3258
9611
3888
4361
4322
8403
8289
3164
4915
492
1265
4270
9942
1741
4335
9258
5717
2015
4708
7548
9938
4555
6265
646
8520
2781
3036
3154
5276
6431
8884
3496
8405
552
4627
2261
6890
1395
3613
977
7272
7414
8469
4132
4685
7195
1135
7643
8725
6919
9681
7391
7485
4516
6462
3577
6494
5521
7947
4684
7420
9785
1615
8221
6526
7941
2208
6915
238
3226
6595
8422
2897
179
3821
4307
7060
941
1987
7398
2280
233
2070
5464
540
4116
8989
9661
6249
8951
8649
4512
7347
796
6063
4015
6874
2537
5956
5700
784
1967
2616
7024
8512
3351
2095
7520
2019
6469
575
5324
9928
9154
8415
3499
6923
2827
9233
5918
933
2485
1429
3621
3538
1214
6013
9829
5028
7957
5719
792
5009
899
5379
2780
3766
4031
2758
4242
6137
2796
8374
6951
8633
1556
1376
2969
9827
4129
4172
1426
3631
7687
1649
3708
687
2249
3059
3358
2785
548
8295
8722
2184
6448
9595
5455
1138
1727
3711
6488
2461
5186
8155
5602
8742
5356
7113
4236
3681
7211
349
4081
9918
2805
3297
6705
8853
2488
2361
3176
8277
2207
7591
3302
1662
2370
3274
2822
277
1397
5936
3152
5169
604
5598
7983
7508
8995
1205
9543
8280
8502
950
5999
6879
3391
2543
2729
7980
4435
16
2065
6293
2214
5271
7499
2850
8900
2786
7808
4117
5701
5264
149
740
9198
8040
1410
9799
1835
6742
8575
3495
6287
3547
9317
6765
370
1382
9357
3093
7496
6876
1621
5514
9458
9389
1931
5099
6892
2462
1918
3414
8420
7129
3896
1018
7641
3147
4996
1769
4423
3050
4855
265
7271
2
2274
7786
3717
7523
3395
4571
2736
5021
9814
9893
3060
452
4328
5981
7294
8000
9591
4085
7430
6930
2633
9513
9818
5640
1883
8382
4505
6367
7276
590
6621
1659
7876
9475
644
5428
4504
9494
6674
9809
318
4373
5664
5986
6454
8065
6618
1951
5621
354
2098
5983
4415
5301
3880
3278
8882
3623
8127
716
9487
562
1905
3622
2472
4473
966
9718
8824
398
7954
1093
4585
1747
4880
5542
7275
3601
4369
3973
1808
924
2043
3722
6031
9214
9424
3780
578
3683
8774
1881
9269
7458
4258
5609
6975
1530
6998
3770
6435
8954
2148
9182
3985
531
4128
8086
6358
5477
990
9393
9036
5871
6493
9105
828
3484
517
8452
951
4968
8703
7081
3323
5746
4225
4596
3579
5476
3043
8683
611
9259
3674
6455
8571
7177
2761
5696
4797
3908
234
8417
7472
5182
5863
7514
2026
9372
8881
2227
1173
6104
6566
7745
5395
4738
9377
5377
203
5758
6467
5644
1060
228
320
9114
5291
9787
6604
659
2490
3858
7956
4213
8193
4329
8126
1066
9140
3471
1961
9987
3663
9110
7362
2514
8344
2298
4377
1584
974
5380
9283
6754
8038
3546
8498
3160
6536
1815
309
6549
7528
3615
5382
5703
8627
453
8487
8276
9400
4803
7243
6483
8678
130
8372
3001
1432
4633
7377
2807
1064
8053
8828
3847
3369
1544
9926
1238
5749
8166
2293
9238
1929
923
2712
1016
4065
2995
5174
6380
6319
6070
7728
6468
7166
1150
4215
5440
5142
7813
8481
4807
6678
6146
1349
2926
3614
5032
2903
7332
1550
2136
3386
1283
7658
8961
5686
5586
3675
3869
9204
8095
8254
8844
7934
8970
511
5231
8370
4802
5103
2217
8526
4820
8085
5561
9474
8381
1114
2689
4143
7620
9582
836
1264
3168
6356
4896
4190
9038
6956
1932
4195
305
920
6659
3163
2731
2787
1132
8562
7722
9618
4010
3217
8133
3219
7068
9550
878
6871
550
7083
4825
5557
1625
9615
4058
3642
3851
9848
2407
2837
5424
7417
7881
6068
9533
742
4980
439
7117
2510
6492
1288
1161
2650
7719
4818
1398
145
3976
4060
1464
6733
1389
5849
4062
1562
3172
9407
7862
76
9691
5546
5961
5127
8934
4243
9749
527
9712
6039
3290
2502
5794
4858
5694
1813
6363
1654
1112
4001
7960
2323
6239
8890
2374
953
3979
4264
8879
8147
6090
6253
7385
7289
6822
2124
812
9878
5743
875
7088
9871
6586
3464
822
6922
5046
7816
2953
5580
6301
3038
9190
4403
3336
3479
1158
2341
4700
6668
1446
420
8728
6986
502
9902
6815
2188
6130
8318
2522
2371
7279
9922
9468
3944
1276
7325
3716
7240
8454
8816
6543
5119
8195
7125
9669
750
4742
5733
584
196
6309
8574
9388
3747
8822
4812
9063
7943
6477
6152
3744
248
2404
7770
6626
8331
8018
4481
8288
2049
9447
4285
1723
2919
6008
5563
1340
2465
3645
135
9709
6732
3846
3732
5300
139
4831
3627
445
7372
6216
2901
7235
5868
9220
6192
2388
3300
1866
4114
7654
6831
6933
1926
5125
787
3822
7989
7753
1020
6713
3165
1739
1253
4271
4402
3000
9202
5769
4080
8247
6774
7710
1788
9556
2948
6298
4772
7022
3408
6989
5492
1323
6796
6861
3852
1451
6971
6233
8966
6228
1852
2723
7236
6505
480
5671
8483
6075
9774
5679
8713
6019
1106
3199
6038
2967
7356
9329
7285
1585
8911
4370
8941
2215
3416
6389
6144
7411
8013
1983
3150
6312
7127
6199
4075
619
9316
1843
3639
3321
6185
6232
6688
4859
7837
9123
9026
4167
5000
7255
2920
8926
7237
1547
1565
4229
2960
8134
6575
2557
2889
8672
3094
5240
6704
9680
3531
965
8807
3366
4354
9915
4872
4662
150
2835
4107
3309
852
1167
6485
3965
3196
4330
7371
5900
8416
5503
874
5619
2528
770
377
4695
3075
6147
2287
3617
9546
2508
127
432
9215
1916
5178
4894
2216
5872
6776
6370
2392
208
6576
6679
2791
5576
4000
1402
2564
3253
8213
5475
4780
7817
1542
5105
1212
5265
1368
9024
549
8437
6695
1675
7353
1227
3289
4795
9723
2981
6211
7742
9236
4440
1531
5500
1312
6024
542
3855
5695
7982
4974
7921
2181
7607
2716
605
1824
2102
3551
5912
3991
857
4832
4455
5502
9457
6419
8953
2134
3281
8642
5516
9084
8556
8014
9343
6978
4523
3930
2345
5951
202
7915
2020
3598
7810
9381
8400
7644
9088
5582
3712
6608
986
935
1308
9670
5055
6840
1159
7198
932
588
3559
5279
3984
7080
2879
6273
151
7228
9355
8362
3293
8917
8383
1604
4659
7509
8604
343
6793
6128
1128
1365
8031
2132
7124
9275
6302
2373
280
4040
2865
786
9958
1823
3764
3584
3762
8391
1039
8676
3956
9977
6362
5220
162
6223
3374
516
3695
2322
8711
1450
9174
7981
7909
5384
8510
5462
3978
9745
72
2477
7554
772
8898
6845
3451
3927
3995
591
2225
5649
7864
1100
6458
5391
5883
6197
6995
2646
8259
9147
8441
6439
8128
5523
4144
4766
2053
989
4603
5762
9441
2818
454
4800
1467
1183
2532
755
1062
7423
1825
7916
9156
2003
2278
722
3588
450
4414
8921
8529
243
2794
8696
10001
3482
8385
2483
166
9982
1353
1012
7975
6198
3041
6032
3465
4315
3338
3010
9241
8993
264
2576
3346
1203
6935
191
7399
6106
6652
3211
6606
1342
1573
3555
7625
2200
6529
6832
9649
9018
6392
7370
9837
3608
4597
8473
3083
7282
9646
4002
8621
4661
6376
1336
7756
4247
2994
1616
6396
6105
573
8935
2878
6318
8112
7942
8353
7494
1886
3646
3603
1476
6905
1870
9621
719
2110
1201
1079
1731
6722
5082
2765
8791
5256
5566
4842
6411
5543
532
1423
4483
1718
5993
108
4664
6004
6209
8775
4593
797
2561
1310
6734
3787
7194
9003
194
1491
2219
1313
9972
9548
651
6254
9722
2340
8992
7185
3348
6643
4055
4429
6055
5768
4253
6502
6587
8424
8743
5669
5654
7214
1215
1985
6544
2856
4871
503
2271
1055
5549
4990
6528
9160
9433
1260
758
144
2099
738
2244
7997
4201
7606
2491
2050
8645
9505
247
3969
391
5113
5187
6158
3343
5888
8026
6315
7323
2512
7852
5406
167
4153
2990
4219
3799
6866
6461
5652
4952
9710
6984
9551
3904
7582
5617
2432
6036
7790
8317
3313
2486
6581
805
569
1609
8244
4898
2259
8749
6450
4052
9914
2664
1088
1728
71
5551
6929
6394
6291
3507
3523
4122
3776
8654
5314
9746
297
4341
5443
8252
623
284
5632
4962
6613
5359
9581
7922
117
6855
4118
8688
1551
5223
1008
8339
1041
5962
9993
2764
2751
8308
1504
8196
1535
4420
6403
3872
4528
3373
1804
7586
7886
8322
8580
1627
6758
938
3191
6044
8643
4520
510
3794
1738
3998
5982
5684
7239
823
2446
2123
7542
5226
6243
5198
2263
5834
821
4321
1726
325
8470
7764
2685
5280
9112
7232
8321
2671
1347
8069
8919
3456
6726
9352
9237
2451
5548
1519
1632
9845
9005
8151
5427
6383
9246
7258
6224
143
9812
9644
4488
8458
9860
4645
1146
1678
9349
7273
1959
6321
230
6314
2411
5571
993
4249
3714
3890
577
3827
4044
7141
8111
5938
6655
4342
3305
3237
6965
5595
7090
4333
7363
5033
3824
8450
1841
8396
6484
1563
5568
7343
4046
2884
2375
6556
3411
206
7917
3566
4304
3887
9452
9461
8693
2319
3968
406
4978
5115
7016
5907
6720
9209
3518
2620
6964
4327
4260
3143
1936
9315
2581
2135
1958
2709
6914
2699
4265
4758
3962
8905
8185
1829
2028
8692
6600
8976
5164
9583
7302
688
900
8380
2173
5188
2069
8453
9653
4535
4563
12
6340
8583
1715
3506
3727
9808
6522
1858
1181
4389
1013
7223
2381
5270
6573
221
2848
3949
9164
8862
8587
776
2495
673
8430
2414
5011
9672
7566
4152
5322
8062
8929
3282
3782
8206
4515
4127
7112
4173
8267
8225
5077
9281
6087
930
7900
4786
3402
8199
7184
7319
9563
491
3116
1123
4955
9106
9968
9892
8860
1641
8552
5109
7435
1891
6497
9539
6193
7724
5303
8680
460
877
4680
8679
5785
2988
2204
6
8109
4865
8732
3430
4767
6820
4476
4888
6227
3999
7906
5286
1411
7140
7693
702
2427
7768
8758
5554
8376
1802
8780
4252
4387
9932
8229
7556
4734
7887
1058
6440
8210
2718
3856
8686
5763
9131
763
7441
4623
7187
3987
7213
8506
2555
485
7334
9674
8851
9894
3131
8215
9891
663
2176
5738
5102
263
2237
5869
4869
9659
6452
6437
7663
4326
7242
4787
2964
8994
5448
2170
4227
7139
1256
1317
7785
7318
4278
9612
8871
8063
7219
2100
3425
8796
7903
1953
4209
5040
3452
3167
6065
1351
8214
5008
8488
2437
2951
5796
7452
5752
8479
7074
3141
4248
6260
8219
5604
5302
6938
7137
4371
3155
4540
9013
8092
7953
7803
4162
4594
9478
9844
8965
9950
3113
2241
6664
5771
3197
84
449
4533
7014
2084
3738
8294
1289
1919
4072
6351
9006
4702
4544
3593
193
8930
9609
3074
2452
8343
4433
3668
4693
5124
2923
7985
6985
2831
2260
3903
2621
9042
3634
2412
2839
5161
8800
6219
347
2873
8066
4628
3726
2304
8028
1321
8342
7163
2325
9225
9522
5531
3117
6906
6212
7298
5725
683
7705
1748
8753
6442
2439
5687
8103
1564
8355
7590
4293
6167
665
7396
8319
7899
8569
6420
710
8051
7626
9175
1197
8831
7526
8918
7148
3225
9564
6960
6516
8971
7998
979
3349
861
606
3134
4502
6641
3473
9992
6283
9314
4794
7012
5433
2647
4012
1725
2625
1474
9137
4610
6491
3512
566
231
5670
2336
3573
3974
9257
3853
593
643
8153
3304
1814
7503
1262
4228
7151
5224
7445
4937
653
6751
9199
2700
4079
4401
5002
5603
942
3030
2997
3817
5857
3140
8330
8245
9578
1487
300
2137
6229
5202
6142
1729
1195
4310
2232
3581
4115
3509
5386
3773
7059
9256
751
4611
3492
3796
3952
4364
4042
5163
8913
1287
4665
8348
5292
8670
3046
8955
8173
8462
2105
7937
948
164
8284
6937
4882
6151
6993
1498
2558
6098
1822
5108
55
3243
9250
4849
3457
3906
2776
9437
1204
3064
5880
2492
468
1876
3964
3438
1613
5296
3017
866
8141
9641
7972
1154
5045
8368
5825
4194
2279
7311
392
5310
1120
6402
2928
6374
9782
4306
7453
3522
4543
9733
9344
701
373
7855
8260
9149
3310
5053
2286
6717
5693
4588
51
2021
5659
3883
514
5508
5252
1339
4497
6300
301
6282
9157
3838
4753
8611
2238
8057
994
6286
2597
1107
88
768
4911
5932
4792
1672
8783
8296
5971
8449
2339
5839
9676
9967
8869
5751
5342
2338
675
6562
3558
5199
6206
237
4640
9575
8810
3737
5063
7383
1294
3644
4519
2724
3387
5798
4022
2896
1846
5958
3157
3007
911
1307
4573
8759
834
298
6085
5206
8179
7339
2823
2632
8007
5065
8877
8375
8292
3501
9270
2299
9496
4098
8876
6479
4612
5278
2460
9341
7939
7312
7792
4848
5879
9482
6710
4021
1620
7859
829
3073
2946
6814
2039
6172
4704
6043
8525
2288
7578
3359
7531
5235
9656
8442
386
3283
3399
9443
6837
388
5731
5673
2118
6478
9655
1786
2403
5482
3533
2093
4461
8461
8858
7264
1608
7106
6994
9008
5372
6245
2542
1004
4749
7018
4577
4994
7501
9432
2860
4375
1400
5859
7758
5616
9221
9793
6045
5850
5577
9976
1928
3562
3371
334
3867
9869
9464
1942
5487
9606
3455
641
9523
4861
4411
4973
5201
5916
5411
7201
954
8239
3955
9391
3255
56
6592
9999
9465
9297
927
9635
3749
168
1628
9834
9683
6406
1781
8847
6825
5820
118
1243
8699
9117
7940
2955
9623
7716
20
1574
8527
7486
9781
1086
4171
2815
8650
6725
90
9085
2117
9041
6546
3252
6095
3023
5160
3239
3536
2440
9636
864
9210
2762
311
1924
6727
497
1817
5067
6372
3206
5121
2844
6574
6473
2816
9083
5079
6795
4705
7202
9070
8108
6724
2266
1561
8055
2971
376
2163
8625
2956
6781
2108
9587
876
1523
5227
436
6334
8492
7087
8110
2947
7260
4336
2580
6949
8581
8554
1657
2221
4698
9525
113
9009
9637
2640
1500
9518
7064
1647
3381
4067
6780
9737
6194
6433
7853
1595
2987
7738
4419
3990
707
6950
6560
2695
523
8467
7004
5587
9763
8093
4641
6880
106
7924
9974
5376
9102
1356
1735
7811
4187
9876
8019
2550
6310
4513
9285
4232
1703
648
8501
9631
2150
4444
489
6267
1034
5914
8937
9074
5943
2468
2126
9142
2741
2190
3350
8434
2874
9662
8119
2622
7843
5179
5552
37
3221
4281
4469
9276
5515
9846
2242
3109
5680
7365
3262
5627
7471
1087
668
6830
6124
1280
3815
7694
2698
8691
1404
4850
1697
2205
7555
6499
1775
914
1000
616
7442
8386
6028
1623
1192
8100
4736
1367
8041
9720
137
2091
81
1515
9111
1864
2220
293
3319
2829
4192
3184
4147
2143
6335
6138
3917
4514
6390
3746
3948
8626
7767
4009
7065
444
4841
6593
9418
1025
5889
7002
9931
8974
1139
1639
6348
1267
868
2076
1202
357
5646
5327
5718
4189
6331
7743
8444
4480
9406
6555
1337
7412
4776
4499
2082
3748
2626
6908
7190
205
8543
3161
6838
5183
4155
5435
5243
4846
4982
9207
6637
3677
2930
2357
4970
6506
4887
8874
7696
509
6149
8516
2057
6958
845
4923
7346
4100
2546
1664
2072
3112
346
790
8395
7183
7119
5343
814
1003
8335
1384
2696
366
4817
9208
5237
759
5745
1134
7870
4892
1534
2385
5407
9528
306
2152
6266
976
7449
9061
5890
8463
1572
7836
602
7567
1709
5783
4269
128
7408
9032
891
3292
7575
4650
5069
3275
7378
110
5358
1857
6347
2602
9850
1190
8549
7532
5017
9390
5665
8329
3033
4204
8431
3699
996
1566
7324
1906
5335
402
9630
597
9624
4582
734
8909
6296
3355
3024
1032
6920
1094
7723
8096
8648
5873
1596
1592
551
5361
4290
775
7672
3342
766
1122
38
640
5229
3730
2116
2187
8928
3035
9898
5196
3106
4175
3542
1611
7028
8287
2360
7581
6018
8268
9534
4406
7348
4524
2387
2302
8073
6398
2634
7502
5663
7062
7115
9146
741
3488
7448
9292
6550
9416
8983
1460
4033
4363
8682
6161
7573
7671
7992
7336
1673
6397
5706
6817
1255
9124
121
4432
1268
5389
9301
9415
9050
6404
3624
9469
8465
7572
695
6712
9890
9919
8182
6129
2294
3311
4992
2798
4620
4752
1409
3426
6601
915
5937
1044
778
1113
4789
9056
3103
9923
9553
8655
3099
4317
15
5110
5772
622
1247
4383
7317
9778
7001
5861
7717
7589
4730
3772
5539
336
2838
2046
5807
946
5439
9481
6898
2056
9803
1879
3599
2250
9619
4940
3752
7410
1218
4510
153
1306
2202
6501
2654
1403
6901
6373
5842
6614
6591
7130
9002
1229
1251
8521
9503
8314
9351
729
6076
8262
5550
6772
1327
4378
8865
404
4769
2589
2156
7089
4845
2333
9431
1576
8333
8052
4687
8944
2562
6303
1242
1568
4598
2366
1444
9409
4765
8714
7701
6030
1470
8705
3144
3367
7967
8586
7797
6719
73
2245
8340
3578
7766
6798
9687
9961
7034
3527
1680
5893
1840
2610
9303
3497
6559
500
7126
1056
4018
4035
7413
5239
810
7822
7714
2471
9192
2743
3008
888
6261
6093
1546
220
4637
4936
4395
8033
7527
3576
5518
5984
218
2024
6891
9886
9584
4578
2032
2255
4835
6012
3771
35
3223
1424
6779
7733
7547
5461
7681
2604
667
819
2965
3187
3
6014
4332
3595
8894
7316
7162
242
5575
1092
9342
975
4600
6278
383
2871
1643
615
3844
2680
3301
4862
5788
9129
5456
1290
8217
9103
1186
7426
1658
8279
8675
8522
6422
9404
5941
362
3850
4740
1278
4899
342
7447
2379
7477
4305
6317
3195
8472
5304
5123
9171
3891
7292
2171
3769
8958
9616
4105
3069
3702
2145
5681
3325
1098
9116
61
8493
3652
5106
125
4897
6694
6616
8809
2907
1040
5353
9538
6385
8263
8105
1071
7118
4957
5776
3628
9996
1295
7145
1986
4498
9707
8222
9654
4576
3066
8228
8947
7180
3763
5996
3166
1235
8694
1445
3458
446
4984
1433
7077
4082
5791
2870
8435
1228
897
7636
8188
9592
913
1581
8027
9268
7889
9906
211
2674
2793
8358
9939
1694
4784
9044
2445
10000
2308
6812
8998
691
1805
8922
6968
5811
7798
2096
1375
5489
4135
4439
4348
7769
2792
4646
8933
8653
5678
3316
4453
2635
5259
5171
3446
8419
4867
6210
3564
8457
2590
9796
743
2770
9340
268
2052
7632
634
3277
867
5569
3361
3280
430
3701
4979
7038
6089
2912
8811
7677
5992
6632
686
1418
9907
2229
6784
9219
9686
2397
1266
4450
4464
2676
765
7569
6125
7718
4918
1496
4472
4393
8916
3013
5744
5350
1656
9493
7463
8446
7307
7539
7433
6091
7895
1816
2892
6787
4558
2264
9132
3345
8042
9579
8752
4599
4344
4569
7593
8600
4008
7033
4699
7301
3909
3227
1780
7425
4492
122
3285
9841
5066
23
8187
5098
4717
451
9327
8181
880
6620
4672
6534
6691
283
5274
5445
1652
8060
3792
545
5615
5432
3915
59
6680
1393
5544
7994
1774
3095
8677
6767
6657
6026
2692
3900
2372
1198
4703
6538
4250
3081
8572
8165
8233
1399
4828
4366
5545
7230
5804
8002
6913
7277
1185
9767
4667
4669
9965
8236
6290
2283
4311
5491
8046
3597
6230
8793
3721
7986
6171
5802
9222
1946
4986
244
650
6299
5713
286
6141
501
3580
4750
7857
717
2087
7653
8255
4459
2025
8607
9794
7085
607
5336
2908
5638
9842
626
9639
1017
2038
3790
2617
9282
2101
2986
594
8234
7948
8644
7707
9912
6057
5014
969
3405
3997
2109
7775
7351
5875
22
599
2506
8125
4941
9104
5803
1316
4678
1791
6119
2234
3298
6744
8004
2728
7634
7128
5536
8591
8599
7389
4222
7861
9127
8733
1019
6495
8373
533
6156
7
7476
8212
9029
9093
1532
4501
481
4446
1874
9959
804
5837
4291
940
585
7882
858
7432
629
9759
7932
9747
7431
2872
1745
4381
6999
6441
8443
1756
9667
3053
6584
608
2607
3303
3241
5154
5137
1221
4126
4605
7814
1453
5966
4648
4421
3189
5651
656
3276
5062
6143
5217
6188
6598
8906
5990
7000
2447
3754
839
2030
8964
1651
4396
9549
5363
5251
2362
7553
5369
9158
8977
5529
1372
2365
7091
7340
6979
5352
1601
9884
3718
6602
3210
7619
7538
5064
1057
7856
5126
6952
8598
4790
3759
7739
7131
6247
6729
7623
2894
455
2068
9098
8256
3534
3183
5246
4345
1511
4408
2309
6470
5118
5402
3510
7795
7470
8484
7171
7935
2327
4157
7134
9757
7170
9925
2405
4407
2127
2693
1712
6481
2973
1187
2044
1459
5211
9027
6916
6813
3047
3320
3467
5600
1685
9558
1163
1010
8936
5258
2861
2711
8920
9429
8209
7778
9298
3025
3062
2757
4830
8727
3525
4760
694
8015
3653
3947
8923
8848
3409
5139
5043
1233
9273
7661
6046
820
7570
423
5964
488
4340
3483
2268
2686
4176
129
4706
5233
1096
8012
2802
8767
7741
2389
4283
3084
8597
414
213
255
8022
374
4131
1758
5831
5810
7920
1354
2911
5288
2182
4376
9698
5297
6391
2944
9826
8248
917
3235
5750
5144
1899
761
8582
9500
2146
3072
9557
9155
2328
8477
7040
730
4276
7281
7206
4245
3878
5133
7576
5658
456
1325
8751
5247
8283
672
7678
7078
6553
554
1209
6184
8345
4470
5277
7974
9144
7842
1964
5858
3602
2881
43
4950
6564
7326
2337
5882
4374
2421
9552
365
7774
6844
8820
8258
3736
7533
3078
3946
2001
3783
3474
2174
2121
7868
3247
4864
6800
2402
5392
7579
5004
2292
830
3882
8723
9764
1492
7497
1541
2663
5257
6203
8658
8150
833
2010
6953
7524
6939
1350
9333
115
2180
6683
3229
4489
9651
1793
769
6841
5116
567
855
1415
9248
4141
1324
7784
9039
9554
8360
2164
4475
7584
3291
1952
806
3296
7776
3104
3685
2248
884
8794
2682
4212
635
1862
9403
9696
1461
1244
2258
66
5060
2310
1969
7143
6400
4759
6987
4919
4891
7551
46
3179
1702
2910
2296
1153
4916
2008
9800
3415
239
5400
4027
4924
1944
8357
6756
4053
7839
6251
3836
1607
2368
3215
157
8741
8490
7995
791
1301
601
8071
1348
3334
1789
8996
8367
3098
5963
1281
7529
1369
1963
7504
5319
3986
2570
9770
2438
4298
5704
3832
1746
5533
2925
9986
4964
7156
4239
4164
3312
7263
317
2704
9304
3418
2661
3360
3357
6116
7781
4005
9313
7830
9279
4390
1819
5662
8361
1084
4178
2568
5083
4977
4388
7473
4630
1679
447
3032
1690
5325
7645
2186
9205
2749
8946
148
7780
278
2752
3428
4148
160
7595
1277
9679
3937
8657
8475
8803
7732
3635
3977
8761
6672
7009
8325
2177
5307
9997
6361
1454
4949
2767
1170
5323
1392
1553
6666
2085
209
7847
4057
5166
1101
4039
5305
8299
2408
5691
356
5444
5885
1850
5846
4668
5930
6393
7160
250
9744
3859
970
3136
1456
1646
1033
9328
7689
5838
3816
6963
9010
7621
3795
3655
2133
2652
4931
499
6962
5249
8315
9470
3037
1172
5498
6806
6676
1771
7902
6827
8371
8045
2553
4133
519
7044
494
9501
564
3809
6268
2748
6017
8609
4636
3450
3101
8613
4181
2779
1555
1174
8745
1182
3218
1890
712
7979
8106
6456
6029
7519
6849
4490
6706
3045
6585
5413
3899
6809
2415
8784
4783
8200
6977
5612
3042
7244
363
6324
7911
6424
9330
2690
8886
83
973
3865
4409
556
2055
534
8466
8605
3703
1254
8782
7926
6514
7048
9713
378
8418
1979
2144
6164
1359
3469
2059
9339
773
5778
9817
6118
4653
2618
5122
9274
8351
2803
8034
2820
2962
921
4649
1633
6292
9529
9448
1637
412
6523
1831
5657
6527
801
9879
2089
3445
1972
7812
2436
5112
2859
8629
9384
7379
6166
2463
4824
7011
6466
4240
1493
4484
1593
3550
1834
2083
8191
1441
6215
4811
799
7652
5374
1577
279
8300
6071
5466
735
2906
8117
1949
5006
8666
2139
8447
3489
5641
2819
6909
6333
8785
5712
6127
4280
7439
3553
8558
9445
4621
8192
9881
3029
6723
7098
2166
8801
2763
6133
2233
3441
4860
4995
3236
3529
1499
4106
6548
1194
9877
8293
7891
9811
3535
2399
1640
5316
4331
2037
3936
1125
1129
5647
1383
1390
5727
662
2596
2932
3003
2119
2478
580
17
461
5364
3009
4136
6049
8561
4026
4722
3552
5860
1199
4660
407
1826
5024
364
715
7111
9253
1912
2115
9266
963
8850
1425
1917
8136
5808
8595
4093
9324
5757
815
2883
7196
3835
9484
2534
8410
1030
6180
8113
3137
3768
7073
7053
8303
6603
6596
1580
7176
9560
2918
4796
2067
5813
8568
8428
9262
5478
2031
4205
6836
9652
8769
9194
8044
3380
4716
7513
3114
8823
4210
6748
147
4967
5194
8298
4234
9526
8323
3648
678
1684
6120
637
5015
8585
1631
7293
8603
9519
1976
13
5250
5929
4718
75
4441
1332
1428
8685
9368
6895
5590
7309
4690
6583
1854
798
5019
1900
9766
4282
8021
1043
3689
9072
5692
6231
6686
5101
6684
3830
5150
7256
4244
6236
4725
8757
2917
9832
8238
929
3659
5786
6109
9773
7875
5431
3209
4696
4638
7345
7761
9897
1472
9665
5248
2346
9055
8471
2611
3468
8161
1482
5332
2529
6656
5524
7633
3448
4694
5878
1677
9561
3431
9375
2825
909
495
9119
7688
6307
7617
3379
2727
3365
2330
4839
6126
19
4836
6826
3201
5149
4673
2130
8537
274
2799
8880
6760
4757
4183
1193
5263
3287
7261
904
818
6350
1156
4728
2678
4635
8870
7215
9370
2801
8938
7373
7013
5909
9030
6856
4308
2081
1698
9178
3376
7380
2073
7354
410
5851
8313
4883
9125
175
4985
3845
3396
2851
7700
7406
9508
214
5190
7721
767
2493
3254
2312
4426
8177
2886
1191
5676
3801
7461
3498
4546
7026
2985
2041
5729
183
9302
2027
469
2269
5262
9489
4380
1878
1880
2406
6190
5892
312
7831
295
9206
6475
5085
3854
2968
3528
4097
1579
2240
1810
3344
3706
1109
4410
1872
7146
8620
7310
538
3337
1419
5317
9497
9028
3422
9369
1552
3435
8838
8250
8712
5709
4208
1927
6990
5254
2782
390
490
9660
2579
5774
5383
9805
7407
8859
5034
5740
253
3052
8950
6337
6472
2541
853
9066
8517
9668
1520
1855
7782
8855
9541
985
1302
6750
8394
478
4532
627
6843
8738
6860
32
1292
5795
9883
1042
3244
6617
2523
222
7297
6850
2428
6896
5155
5690
9486
1629
5874
5393
8059
4193
7635
1538
793
4583
1054
7684
7869
48
4296
8175
5754
6611
4763
74
1761
4529
5904
8771
8178
7045
2877
6196
6480
8379
1567
1839
2629
6997
9212
8619
6701
6542
6111
1416
8548
7703
6640
4552
3561
4267
5735
5623
1427
3264
1108
4188
2423
1379
2350
9405
8924
5497
4168
7493
7537
8866
262
808
8667
1481
8940
4537
6414
4847
624
5255
3476
5047
1272
8226
9231
4634
5674
1901
8208
7568
6980
3778
7468
9688
9145
6762
2862
2915
7222
1940
3963
1069
477
7006
2687
1889
9277
4256
5905
5979
5330
3585
8979
3870
2160
5532
8634
8681
5917
4069
6681
7428
6823
1856
1219
8142
3188
5722
679
7320
9732
1770
1903
9872
1512
9728
8008
2343
5614
8641
2982
1950
3765
9294
5339
1773
21
945
7873
2766
470
6947
1510
3554
8201
2730
6371
4944
9358
7826
809
6114
6326
1207
4813
9261
4632
5130
2005
7466
8530
9348
3269
1902
6033
9743
1724
7807
9004
2253
5828
7179
8505
4549
1798
2811
294
8579
8020
6154
5429
8551
3434
124
6357
8121
9504
685
9247
4301
290
1993
5720
6160
8533
8364
3263
2042
4895
6349
4733
684
539
5583
8341
6294
3085
105
9602
8637
3696
4238
9296
4840
4078
3951
2642
2857
807
5459
7878
6217
9414
6336
6628
3861
4418
2662
4602
4221
8704
3234
813
7457
3129
7459
9821
2914
558
219
2295
6280
1358
3971
3911
9168
7549
3877
5827
3567
9751
9438
4755
4686
4313
1330
3019
6304
8023
2494
6341
4622
2631
9905
574
7893
3650
4088
4102
7221
7157
7224
104
7437
885
9307
5423
6353
8160
4913
8553
3021
7381
6638
1635
2480
174
7490
696
7017
9678
5870
5913
9345
9705
1733
652
3745
505
9217
9491
4958
7257
5436
4879
2383
5688
2047
5973
3443
9353
4778
4113
5797
5075
7209
6509
7135
9917
1626
6899
7559
3647
9788
4674
82
3135
2684
8149
6770
600
6792
7507
1285
1240
6001
9593
42
8350
229
579
6738
60
9211
978
2719
328
9020
5157
5997
5601
94
596
3230
3429
6377
704
4206
3049
4644
4412
515
8827
169
5485
1875
7668
535
8538
9121
4819
1560
2639
3950
4815
7933
1440
982
8511
8266
9946
7029
8433
546
3018
3633
9703
2909
6226
5345
2218
9435
689
31
2824
4617
4560
2941
8790
1082
3162
8114
9975
5947
1545
5921
8836
1837
908
9336
3086
960
1274
2077
321
384
3248
6578
7955
794
6881
2902
4108
5954
762
7612
5988
9136
6749
134
3731
8808
7765
6571
9067
7186
3213
881
2660
6737
3929
6355
5970
7036
9589
3410
1981
7642
457
9395
1955
4006
3375
879
862
3449
2282
9889
3981
5191
1489
3126
5705
2380
764
4917
5035
757
9916
4619
9376
6163
4527
6753
6081
6764
3389
5195
1422
5230
4713
1730
7084
8798
8011
6661
9286
5238
195
9647
8698
5634
5756
4975
1333
9941
381
2369
4565
5018
1597
6195
6364
2153
2443
6524
1297
6352
9167
9480
555
7999
3934
25
6179
7794
3238
4427
779
5396
3091
7161
3335
7777
2538
1420
8377
2797
2317
7054
5290
1506
8863
5633
7564
9704
8720
9943
8902
3398
1412
9927
3723
6387
1884
1537
7850
4843
1380
4089
5697
9062
1385
4870
5225
5760
7154
9213
8632
6789
2935
7401
817
3194
2147
2051
9434
3713
1668
5949
4255
8550
6941
6900
2868
1777
4246
5995
7121
971
1588
7266
9326
5553
8407
4584
3574
465
163
2441
5312
5736
9151
4506
4714
4019
3654
6839
955
314
5867
4729
7914
587
4463
8249
8577
525
8618
4068
3839
2880
2651
5730
1405
4671
9337
3307
2291
3881
8399
5854
6073
1966
5245
7142
9820
846
6700
9095
7058
8302
5812
9440
1792
4868
9471
8090
3970
3676
4654
7874
2853
1503
3461
7599
3433
8349
850
8218
1811
7495
8172
3200
8748
1713
1582
3925
463
3272
2836
7173
8231
249
6430
2706
2804
3242
7734
30
9887
95
3993
7366
9568
8842
3329
952
5911
3842
9622
2539
7791
3720
6153
7469
6037
9573
5135
4775
7605
8186
1462
2677
9159
4509
1650
4451
1845
939
2535
889
2290
5969
4254
6821
9571
1077
3146
8544
5895
3288
1052
869
2169
9930
7962
2426
6507
5422
8162
6639
6220
9980
2821
5068
5801
883
8459
7429
276
681
9514
5146
9753
425
8945
8101
6886
5454
6558
1695
677
3833
2063
8159
4077
5318
4854
9363
9196
172
5537
7352
638
5833
8914
4471
368
5711
4051
1213
1177
9380
1760
1344
631
9610
2444
8515
9118
7867
4639
2998
5933
285
8115
5931
8123
4074
1529
62
1507
5267
5923
8205
2301
152
3105
5998
9798
956
1665
9077
3922
39
7763
3694
2417
2450
7063
2643
4
6714
1009
5071
5360
5620
3757
2239
3690
5104
1005
1273
541
4474
9690
367
9096
2958
7159
2905
8523
6069
4707
335
5821
1528
5499
7587
3874
1648
2760
632
5348
5385
9663
824
9599
7646
2321
9402
9047
5368
9216
4343
934
6413
6264
3491
7973
8659
9875
6807
6925
6924
6096
3079
9949
8094
7609
4808
9836
9148
3406
754
9113
6082
9574
4873
4218
8171
2000
3691
4746
603
2398
2252
9963
1600
5425
2018
4901
2459
5968
8227
1485
3412
6205
9263
8078
5789
3592
9022
2885
8925
647
6730
2479
4856
9740
8139
7342
5036
609
7189
4125
6520
8854
5767
5136
5629
2358
4339
848
397
8496
6928
3056
1023
4885
1063
6051
6867
7964
5770
547
9240
657
1346
9048
3942
2573
3933
9614
3629
9228
7147
4003
2254
7846
3935
4237
3605
9235
2721
8061
7823
1849
5418
3758
1311
3954
9025
3638
2429
8489
9689
4032
8763
387
9909
3698
4016
8978
8154
7748
9847
6718
8590
256
7844
8269
5708
5672
7313
2464
6002
5560
9724
4881
9166
666
1142
7341
2458
8278
3843
8716
8411
628
613
8324
5816
4651
7892
438
1513
7270
1661
4289
204
459
4303
2619
7879
7712
8001
5985
4166
1078
7010
3424
9524
4926
5022
3667
8048
1716
4991
3537
7611
3982
4482
5131
5843
7773
9161
6973
6660
8054
2927
2016
1908
3687
6108
3128
6663
8740
5193
633
816
9729
1779
7736
2092
7608
9126
3390
4551
7404
2832
8664
4357
1051
8009
4217
9229
7168
6382
7793
7650
4568
4398
4424
7278
3232
9790
9051
2196
9264
8240
6042
6054
4277
2544
8440
8563
1681
327
3486
5948
223
4358
2810
4059
4438
2527
2155
2470
8804
3377
1179
6097
8327
586
7269
682
8174
3153
3660
4689
496
4658
1806
9092
4575
5145
3568
1436
1231
8864
1431
4109
1599
8987
8622
3089
5976
774
7415
9970
2201
9189
7971
2742
6238
9293
919
9037
1116
2004
3061
1241
6788
6790
8230
5845
8067
2011
3002
8535
9700
6503
5677
6918
1925
5404
3873
2324
9425
1982
4921
2775
8118
3928
5205
739
4151
4616
6175
9260
198
6716
5631
3724
241
7680
2623
9045
7046
1140
3600
4999
4334
4091
4914
2545
5295
2410
2668
7702
4561
6805
9857
2756
8049
9033
4822
1711
811
9717
1417
7571
6416
9089
8896
5952
1027
7923
3333
6535
9537
6794
426
5
9562
3837
9750
2141
9230
3123
9323
2900
7254
4287
1362
3875
6078
8246
4279
6035
1737
3240
6675
893
6651
9169
1895
7610
7866
8338
1401
5597
9320
7359
5723
7627
9648
6545
9436
4762
4900
4548
2565
9736
6607
2517
5683
188
7450
7796
5215
5162
8735
9904
9049
1360
4801
2670
7871
7303
6824
6343
5284
8814
3490
1957
3863
9218
5547
7977
693
6782
7927
1208
462
5388
3354
5403
9071
5100
4485
7446
9701
8988
912
5073
3543
159
9604
9284
6803
1320
4966
9990
6159
2158
415
3590
2950
3826
825
2863
4745
5511
2977
2106
8039
2277
9748
7640
3777
4572
3125
3413
3735
7511
6627
2869
2224
7686
9135
2942
2516
7376
3959
7651
7027
6541
1799
9153
6218
132
6234
7829
3120
8421
2209
296
6846
8617
8164
212
7865
9830
3444
4379
7132
1477
8518
7845
8456
50
1630
7525
77
5787
9449
8661
2023
2467
2697
5349
100
507
4231
4468
7402
1130
4579
2852
8821
9082
2161
752
5944
4877
1638
1341
8787
2789
1080
2356
1809
1469
6295
6423
6743
1772
7061
8861
8829
28
6872
2655
3923
6752
4710
2285
3823
4179
8589
6735
3295
8729
3719
711
5594
5784
7443
4791
5530
5173
8122
3119
6589
2666
5057
6451
1145
957
7071
7158
9673
5177
9758
6169
6131
3203
8888
4036
3039
2547
4048
8885
7557
2658
4947
5915
6629
136
2753
6311
4399
962
6966
7052
3983
180
7300
330
6921
9387
9097
6426
1618
1303
6487
7096
9060
7424
5682
7565
2048
1068
1357
1345
2172
9633
565
5513
4124
6707
5219
3767
9150
6863
7488
7114
1526
9334
7535
860
3898
6667
8802
1070
464
3250
4764
3057
1670
9312
1118
8087
5685
9186
9755
1583
8409
1328
3940
1800
2151
4425
6537
5724
6207
1223
1331
1920
9017
4346
7512
5447
1249
4823
1275
4272
4853
4675
7093
3133
1263
6590
890
9822
5037
9310
9455
1059
5852
903
8852
5143
2474
5311
355
416
120
9627
8717
44
3249
4580
9594
9657
1073
8739
9034
4324
5559
5877
8986
5138
2520
1763
6040
5321
1216
3834
2645
6453
5141
8797
3384
7834
5460
907
4220
2390
1318
6926
5027
3108
1705
1559
6624
3044
9472
1038
4559
781
5721
8849
4731
863
3914
6552
1693
1868
5742
8460
3819
1992
8635
9463
3040
8083
6884
5977
140
7543
6041
3494
5556
8952
842
720
6003
690
6388
109
1127
5208
6739
9542
7238
9580
3508
7220
7227
9756
408
6359
6642
8969
1666
9069
1413
5293
777
1178
4156
5469
5817
1590
3156
3026
6853
7583
4110
4372
7833
1749
8973
3570
5420
2453
4626
7968
1091
7616
2297
4945
3526
6412
928
2449
2814
3760
2754
123
8397
3466
747
2624
4739
7248
6449
2165
8393
2594
6622
8306
8602
7965
7936
7245
2157
5463
9934
5421
4534
1945
2846
9107
9365
5120
5207
3893
1095
8975
8089
3145
5419
3186
6877
709
2921
3382
8091
1797
748
8494
2890
3364
520
1387
5241
9397
9576
3439
6623
967
337
1818
411
382
1710
6121
1997
7286
3885
5038
9251
9617
4165
9896
5408
8726
6408
1269
2162
4400
1252
5897
1994
6410
6482
5855
8363
126
3401
1188
5261
3611
918
9115
9427
5090
8701
3532
3259
9289
27
3666
8997
8366
1939
7550
8346
6568
7746
4712
224
7698
4268
8588
3682
5344
8425
6305
6088
3540
2566
3572
3370
5710
483
8029
9577
8608
9272
2401
8845
1636
3065
7552
1921
9865
8035
1569
630
4756
4235
9810
3740
2949
6378
1210
440
992
5806
1794
9386
6277
5192
5562
2740
8253
620
2513
9851
4908
9200
7392
2996
3563
1049
9664
6178
4983
57
8555
1361
7358
5151
288
7120
9675
9969
9483
8949
199
4150
4878
8843
2614
9408
178
8768
310
8639
5329
8167
4929
2849
5506
8448
5197
5622
5955
4261
1505
2306
9090
4092
944
9
5675
7912
8297
8170
3097
2556
4782
3324
4781
8107
1721
3067
6778
9874
1904
7603
3828
3788
9417
7737
4111
9108
9459
2206
8211
8755
6630
7438
5608
7181
2726
5567
252
2434
8647
873
5823
5156
8478
5940
9699
8832
4851
9031
4223
7832
9603
8656
5920
9868
9367
3808
9702
3825
1037
744
9545
2197
1121
6428
3427
3607
7051
3800
7418
9254
3884
1151
8731
308
5753
7489
8817
1011
413
6405
760
2866
4431
5957
4903
7676
731
2630
102
4004
4564
5611
8265
3511
9288
7218
1001
5505
1991
7397
9855
4207
9671
3515
1642
980
999
4956
6959
6605
2735
3051
3308
5815
7888
1075
1494
8967
4647
2111
8408
5306
1873
2501
8760
2705
9398
7961
6829
4134
1334
1076
3620
8534
6201
3503
7787
4591
7682
7828
96
7872
1897
1911
9597
1930
5117
8750
9176
4692
2071
9383
7600
1740
6967
385
2667
3180
4312
4456
4047
7988
8778
1343
5299
395
4838
8097
5899
4257
2307
2842
8305
8486
6490
9086
2364
8616
7422
3616
2933
7284
4382
3318
1708
5965
6080
3544
9299
7805
2975
8207
3926
9130
2638
2257
7711
9255
7991
4939
9451
6547
4286
9823
427
5525
441
5830
7321
7544
2882
700
6500
2713
3583
7212
1305
9058
3665
2993
6699
5132
8708
8337
4477
6981
9971
3743
7327
6401
7335
6136
333
3175
7749
3385
2080
6248
2313
1865
4090
4360
9853
6099
5287
4054
2344
111
6113
5919
2855
443
8795
7331
8392
3661
1892
466
1085
4976
3733
9052
3182
8017
7409
4200
2363
5031
197
5565
7602
8957
2548
6940
7534
9059
65
3111
5824
9410
2648
9511
5016
3912
9134
2777
3910
2210
6053
4241
1617
1655
8899
1164
107
6894
187
6786
2613
6852
1589
7440
7562
4910
5726
4123
6100
2276
2332
1257
482
3886
4715
2778
5175
4656
5707
3246
1525
6755
2636
1438
3233
2503
9139
3679
7976
2999
4288
9019
3092
7760
5689
7561
2354
847
7384
1246
9735
3082
5755
5650
1933
3705
6665
272
8241
5618
1975
1119
2569
7925
5540
7123
5084
64
2574
5253
3392
6140
2222
6381
3517
8578
7802
2637
7104
7730
1355
3403
5814
3662
1175
3569
2830
6306
3521
7455
6868
1859
5025
2009
389
3741
5493
6897
7364
2481
2817
4198
2931
9779
2384
4368
5168
3669
3849
3353
6060
4922
6819
4263
8873
7025
7484
8799
9252
3070
4428
1869
2475
9739
1671
7207
530
6281
5326
5826
1502
5426
7901
3860
9492
399
3516
8834
6759
8429
7247
2017
2552
5409
5020
4073
9626
245
361
8290
4969
216
6329
2916
3545
6510
182
1141
5960
2349
8912
6887
97
3460
9726
4935
2125
3811
3804
3214
8972
3341
4721
3831
2496
8320
3798
9046
3907
6599
40
6061
5153
7592
138
331
7122
1935
5042
2972
5398
2524
9964
2954
6366
6168
5023
2454
3202
854
9392
3781
5967
2966
8932
2342
29
1509
8718
4902
6931
8570
1378
8389
4191
269
409
6365
2526
9170
8503
782
3504
2289
6288
8485
7475
8786
6746
4905
6062
7667
6471
4701
5268
6804
7518
7726
3560
4874
5437
5509
7987
154
6816
6086
3784
93
6181
3055
8883
1168
3693
3972
5599
3048
698
9995
9861
4657
5624
4149
997
9873
3332
7421
5320
8540
7144
8833
3251
3618
4912
2395
9882
8566
2600
5596
2103
736
8724
4121
435
9628
1089
4938
3649
8311
6570
6533
2934
5737
8841
6970
4886
3014
788
403
9962
8032
291
7990
7304
9900
8818
9819
524
1554
528
925
1479
4391
3231
3477
6677
1232
3966
7019
5775
3889
4319
2193
401
3960
9399
844
1790
2284
7762
4230
3088
1619
6525
6162
5642
6619
6519
7563
4014
3789
1270
1686
8500
8837
1836
3996
400
7928
1169
8402
9490
7666
6902
2002
7072
7306
6703
837
7086
9065
1812
5088
5819
8702
7382
177
4351
1468
7005
795
8328
9945
522
6515
2075
2788
2107
1449
340
991
8080
1691
7779
7685
3894
3921
803
1807
3755
493
1645
9193
9954
2511
7067
826
6417
708
598
119
4397
4631
7546
4140
3857
9531
4609
5527
6213
6103
8766
4101
6425
6429
3901
9080
1248
6240
6102
7350
7182
4793
4971
4554
9011
3174
1486
5766
6833
7706
4071
9585
5903
2378
6943
4893
114
8243
2536
6000
7315
7744
2795
4037
7075
8137
4061
1614
2669
5281
7291
7838
851
287
8904
8893
8887
9347
141
5856
5656
5555
8746
5853
508
7039
9498
5170
6650
6708
8709
5089
5886
4816
9401
1131
8102
9792
2314
6200
6486
5092
6338
3077
721
7478
8999
7978
9421
835
5573
5087
1518
1497
1048
4273
4844
7801
266
7897
5394
570
5474
2641
5581
4070
5181
9073
7755
4275
9721
4142
9638
5935
3902
2612
7624
8567
894
1915
2416
5765
6052
5367
8176
9109
9913
7585
5643
1954
2034
5836
8359
4545
3121
2006
7659
5501
3651
7657
2507
4430
8830
3678
98
7265
9951
5457
5959
4863
5589
7735
9054
2247
838
5829
2194
4920
6508
2500
4604
4214
9650
1603
6221
3437
9043
5354
5906
1319
1696
592
4697
2515
943
3208
7674
4096
9859
5473
9815
4083
2681
6811
4103
3575
5661
2983
5351
2530
9981
905
5074
724
1117
7330
3178
4495
7249
9485
6513
9870
3020
1947
5522
937
7615
5761
2036
2386
4177
165
8104
9789
5667
2035
1533
2275
2466
3076
5373
4525
7100
3626
529
7946
9201
484
7630
8316
5221
9695
2783
3596
1980
4491
718
8406
4581
375
339
2572
1999
9813
9828
8064
6974
9742
9797
8943
9295
4486
6225
7683
572
2593
6235
8507
3742
7664
3331
8547
2750
7419
7037
5655
5298
1888
9382
3813
7110
4104
8557
8390
6745
54
322
1046
2659
2656
4160
9094
3306
6173
9572
2497
5095
4747
1586
7492
8098
2022
6711
6955
5059
226
7639
2976
8981
6134
5792
2771
181
2079
5994
6996
8183
1943
4034
3591
9322
6297
3124
4353
4508
5441
1606
5901
3709
2256
6848
1909
5308
1744
131
8792
4570
9762
431
1437
2845
6284
302
429
3958
8825
7747
3397
1180
2768
8275
5442
9428
7043
6328
5213
6736
6344
7338
2122
2980
6554
9880
2867
6443
543
2183
5209
3177
6957
5030
9076
156
2029
3480
9708
5922
6594
8079
8398
4866
6669
9306
6015
8202
3500
6835
5714
7169
360
9015
7231
9885
1851
2456
1137
9191
2675
1782
7757
2834
9359
5210
9079
6610
8573
7191
5881
8224
6165
6961
7788
1575
6670
8956
7394
8388
2840
2058
8984
8857
2521
8628
2525
9953
1754
6255
9224
8764
9768
421
6531
2707
8037
6369
1326
7387
4139
7390
1448
3606
5416
1700
3549
553
872
4618
8140
8762
5866
7056
2813
2262
7725
3478
4066
4562
2708
4954
4196
1860
8369
8697
7057
6339
568
7950
4770
2367
8747
1896
1501
5438
3181
7558
7102
304
4875
4259
3810
1447
4884
3918
5781
3169
9752
6709
6058
7656
2701
6875
1539
345
6332
2991
8387
9422
5764
5434
7322
4567
2586
3632
1081
3943
8721
639
3658
1458
2992
8539
3212
6446
3472
1211
733
8132
4788
8576
6671
3185
8959
2078
7367
6395
9920
5942
8805
4906
5848
3198
2945
78
3840
6579
2746
9734
7699
6110
5189
9952
7541
5309
9903
18
3994
6101
9360
1524
4932
676
9791
4683
8872
2595
4478
9197
7498
2747
4507
9203
7217
307
5822
5483
2498
4095
6799
4557
9530
1338
5779
8565
5003
8301
7919
2425
2348
3664
92
7938
6174
8734
7192
7966
7360
896
8564
4199
8310
6150
9856
7963
2644
1998
6649
2759
9101
7720
6512
7295
6457
5294
9775
753
1031
474
146
4904
3022
4574
4613
3756
2505
5953
267
9016
4447
5585
5357
7691
379
5412
3941
4771
780
526
5591
9929
4744
4169
5159
3080
636
8024
7152
902
7480
7574
4814
8671
1371
24
7517
6386
521
6936
9555
745
6882
737
6117
2267
1707
4028
8931
316
2040
2577
8982
2013
9948
5699
6459
7150
7614
4961
1455
8497
3876
2377
1166
8736
7806
9697
5172
7884
1097
7451
8856
2854
3102
5946
2679
9278
7241
3122
8285
5029
6010
4163
7958
2755
7759
7042
5086
4119
3257
8130
3673
176
1047
9477
1407
9290
910
7216
8907
4556
4522
8536
1968
192
6222
559
9590
1463
8715
3436
5479
4452
6327
5338
2939
8148
5924
5715
2895
4094
7818
2672
7205
2714
3802
8451
1602
9460
6006
9978
3151
6768
1373
8773
186
6907
2185
1978
7138
1014
4927
8120
326
2203
6021
1767
692
2223
3866
1391
3895
9761
419
8660
9911
6145
7670
344
4711
8336
4056
9642
4337
4624
617
5453
9849
11
4595
6885
8980
9924
26
3637
2300
1286
6878
6148
8025
3807
618
5180
6496
4013
2703
7799
2305
4930
6818
3700
372
7188
8237
9607
2054
5212
1105
9023
6011
103
3378
5666
2608
4347
4318
2876
6115
258
7662
2303
4773
7482
8504
9899
2936
5520
9991
7536
1751
9966
6498
1784
949
4158
1103
3672
5272
5626
7108
7200
3404
5809
8968
4038
299
424
7697
9430
80
9780
5041
6942
9765
832
5061
7908
3502
2800
9944
6540
1434
8047
7395
9516
6275
1236
7174
9021
9510
6489
9588
5739
2062
7665
583
2120
8223
1894
8384
2702
6521
9177
87
3340
9512
8273
4988
3734
2598
1466
4951
4120
6976
3680
9940
7199
8404
9731
9509
6761
9479
3992
4274
7149
8272
1827
471
6577
7172
6050
8074
6769
207
9420
2773
887
91
1061
680
8772
34
9068
9087
4953
1484
4023
7560
9287
7752
1370
9446
6569
9854
1217
8668
8072
8779
8985
5835
5331
7405
7049
7910
3630
4262
3957
1795
4629
5414
7883
369
4203
964
63
7885
1948
9908
3514
9843
1224
4677
9099
5468
3058
275
3686
8927
2560
3171
3268
4526
2320
4467
7015
1072
472
1587
9960
9532
9325
4517
86
1956
1762
1007
4586
5401
3192
2007
9396
4159
185
6257
1388
5283
4182
9693
7487
1821
5399
4799
9835
5564
5176
7647
2140
4550
7931
1796
6066
7464
5592
1144
9185
3118
353
9138
1838
393
3931
8528
7368
7329
434
6262
5051
6696
8274
2413
3487
9366
2710
2347
2315
3006
3421
3068
2531
4024
3330
5078
1304
5371
1755
6847
9738
6783
1364
4457
3383
9515
3657
418
5366
7604
1922
9120
2720
7596
1669
8307
4810
2129
5636
1386
9374
6476
5989
359
3294
3582
4655
7970
6047
6246
2605
3785
3797
1970
8559
2929
674
2061
36
9852
3913
9331
1938
6272
3671
9321
9057
4017
9364
8271
6407
9007
7679
4852
1299
4890
1155
14
1352
6972
6646
479
1867
8689
5114
1753
200
4309
5216
6883
1871
4352
6289
7355
4413
3604
5635
3707
9711
7655
2694
7860
892
396
232
3031
9684
270
714
1394
8482
7444
7070
6633
4943
4025
4130
1704
959
1421
2952
1863
3266
2978
2033
4809
2959
350
7167
2899
2469
9311
6911
9547
4099
319
458
6692
6903
8070
5005
3216
7229
5480
1853
2609
3261
7287
5862
289
2167
6597
9605
3520
2828
3096
922
9517
7709
8257
8640
9985
8706
2628
7516
9180
7840
6511
6325
8991
1099
6354
5378
4355
1548
8903
3539
2191
1104
4394
9937
1543
8948
3924
3939
6842
8897
8806
4997
1689
699
5748
8261
697
1115
2192
2476
2097
2826
1279
9802
6122
7849
4972
9825
1842
7097
7109
625
7274
6084
4494
9064
6182
1722
2599
7594
882
1674
8005
9888
9239
3170
4064
1329
5134
8145
4934
7333
7375
1522
1598
3697
9378
9634
2281
3786
1148
8016
6644
6079
4909
1296
7618
4981
1776
8652
8184
2487
800
5148
9989
5362
2246
612
6851
4682
2074
581
4643
5625
3932
9053
9694
4691
4458
5001
5449
3286
4963
4295
8075
3388
6828
6731
1995
6202
6682
7314
7597
3541
802
6588
1237
5607
9488
9188
7460
7434
6007
7690
8623
2393
9187
9535
9719
9442
8499
7851
2808
9091
5375
7638
3710
2683
5510
6256
3454
621
2575
7907
4284
3260
3148
8010
41
771
7197
7165
9453
2159
968
9413
7344
9291
5203
4297
3820
9935
1110
170
1028
655
6561
6791
3149
5390
5579
5780
513
3015
259
2178
4030
1495
1226
7692
2419
5096
2236
6910
8304
9979
8901
4589
5558
4050
8081
9308
67
6934
4197
1768
7601
9439
3090
5978
1133
9183
2653
9502
3505
8524
2114
6635
4145
4785
4325
189
947
4434
8189
1717
1660
6445
3805
2433
281
6379
8812
5236
6740
473
9692
4566
3775
6241
3228
7751
3420
1414
4965
261
9569
7055
3190
7021
3871
2717
6418
4521
9466
6474
6208
4479
563
2198
9152
3453
3557
9450
8560
9936
3027
2733
3609
2790
649
1988
9988
6932
9910
2045
2064
865
1230
3352
358
8163
859
9411
1962
380
8354
8116
6634
3193
7208
1536
5185
9544
9181
7328
5275
9338
9305
5507
6862
995
9613
4087
2875
2657
3916
5446
371
3751
3953
8309
2104
8474
3897
8129
8592
6308
5732
5974
785
5777
9586
1259
706
4202
1882
3328
2533
4323
5147
9777
2806
3938
8491
6697
3267
1570
2784
3848
2957
3640
7863
5840
2913
3704
4761
9249
7588
4806
3265
235
8334
4726
2353
1828
2554
7800
5790
1309
9921
7105
8669
8776
5628
4553
5415
642
7225
7483
4948
6427
827
8439
4405
433
3610
9195
3270
9715
4709
1914
8414
3729
4663
610
2583
5805
5512
9473
7175
5091
8610
3636
8194
5282
7649
7804
5698
6016
8962
323
9412
972
2833
6258
8513
9495
6662
4805
4367
1887
1443
2422
7894
3220
9994
6399
5844
2128
5884
3273
5484
1258
8737
5158
3107
4592
7835
8281
4774
7577
53
9476
7890
7427
9831
2228
7949
9536
2424
8596
6330
1960
1624
7506
4442
8690
5285
571
5081
2540
2394
664
6982
3656
3594
8438
1766
3475
45
3814
4925
4184
5094
9741
1374
2551
6869
5926
2606
3739
171
2484
5526
2549
9143
6658
8638
7262
4614
3087
3299
3419
4043
1045
3205
1757
5370
7913
2094
7673
8190
906
3368
9014
2418
2311
5793
9640
7515
348
6797
4302
1284
6969
4186
1162
8180
2937
4436
9858
6342
7713
2772
732
3362
4007
8003
8754
5939
6702
7510
5865
582
1124
9866
2226
9685
1663
1644
7951
4538
961
6023
3159
9354
3459
2722
8835
5945
2979
5012
3100
1157
6673
2113
1196
8146
225
1898
4384
5472
7290
8326
9350
5987
5782
7305
1877
9362
6009
2430
1688
5578
2893
504
4448
7164
3034
3279
7629
1885
3256
9521
2737
1571
8216
3326
155
3115
7204
9035
271
931
9040
4454
2090
79
5128
7731
6269
4170
3919
7648
936
840
3317
5026
7234
895
8730
4445
352
9234
901
4349
1381
789
589
6132
7521
4946
2841
987
9807
6250
9172
9520
5570
7296
5054
7361
2382
5741
5534
3524
4826
5773
3625
654
8646
3447
7308
2199
6186
5934
2195
5637
4666
3556
2732
7133
661
7023
4688
8846
6415
6609
746
8687
6557
3945
8673
3393
4511
3868
9184
6409
8891
8412
8593
4404
9706
6766
486
68
7050
8915
1996
5496
4146
7959
3372
5517
5093
1977
3989
6067
8770
8601
5347
5593
4833
2376
2864
5050
8868
5049
9000
7669
9795
1465
7178
5467
9179
9804
8291
173
6580
3207
5902
9730
1750
4827
4020
2591
1021
6532
4735
614
6904
8332
2509
33
537
658
9645
8819
3271
3322
4642
4518
210
3138
6064
3173
313
5048
6888
6244
1036
8198
3394
8144
9666
6270
6263
7268
9356
6460
2858
4834
9462
7253
4987
2961
7259
9133
783
8455
3028
6020
6504
4292
3774
9467
3463
329
6983
7099
1699
8840
5405
5841
5070
5972
6214
1549
9620
4607
3470
8270
8942
6517
4500
7032
9567
1706
1408
85
6204
9955
6345
8777
8508
3314
7631
3670
9361
5080
9983
1160
1764
5044
6698
5289
7930
4029
4338
8684
3905
1667
5630
3513
3619
5925
2745
4741
4724
8356
6022
1759
4837
8197
3862
5908
4392
5410
2665
341
3530
9760
6313
1442
5269
8630
3400
9632
9840
9223
7740
6572
1540
1971
5832
3005
8614
5486
6870
5052
1612
5927
2592
240
7522
1147
4942
6912
6615
7203
7388
1517
5991
5702
2396
2272
2455
9385
1322
6775
9265
6074
6728
2168
7905
1439
2715
2904
1974
1165
9162
8365
1483
8663
6689
3442
1452
1184
7454
6237
7082
1752
671
9643
9625
1965
6690
5346
4547
8347
3423
7386
2774
988
2989
6048
3407
5039
7841
1225
475
8282
4681
8514
756
5494
6438
2688
1634
2138
3688
6741
2588
2938
6834
8158
4049
6072
4437
6859
4362
7233
5111
487
4625
5430
9600
6242
9839
4587
6612
8541
3356
660
2149
5876
7193
2154
4045
2175
7858
3016
1053
7092
5313
7474
6645
1239
4531
5495
8781
6992
3204
958
8509
8584
4542
7008
3245
6259
6027
1478
7821
2649
9727
2189
201
1126
6176
6432
7041
4615
2352
4798
6747
405
7467
2482
5334
2231
3715
1250
3004
3692
2673
2847
437
1261
4493
5417
7580
5452
3684
1335
7969
5747
2888
8531
7267
9318
1516
1406
7783
7750
6322
7403
7540
3440
3961
1989
7715
6648
981
5387
1271
8546
3139
831
9608
8464
1234
8232
7819
7155
2351
1558
1714
4670
8963
7772
324
9012
5541
5471
6991
6271
217
9771
4857
4960
3222
8242
4233
8124
7337
9100
1090
2211
9725
2442
7613
254
2567
8662
1291
2014
9227
4530
161
2359
10
2571
5365
4829
8612
2334
6083
2086
2518
6464
4889
8445
8813
4719
9332
4180
1149
5451
7530
8432
2563
8495
2088
89
5007
2420
246
8169
4011
6191
7815
251
7491
5950
9128
7771
2738
6777
8082
2504
4137
5260
8789
4652
9423
7357
6988
2578
5538
8815
3641
8088
9267
1594
2963
4300
1136
9319
3132
7479
1315
8203
8
886
3347
3224
7598
4907
7393
9895
506
1765
7107
5572
7095
9863
7695
6785
1973
7416
52
6436
4993
9173
6946
422
8476
4422
7076
6563
2943
4417
5184
3643
1366
8606
9601
7880
5013
6059
9801
7251
3339
2615
5222
1176
8220
9776
1687
9242
8910
6625
9309
8413
4185
1910
1692
273
1833
4754
6539
4359
6854
4768
3587
7283
8744
5058
3363
7789
3493
983
8624
1578
4086
142
1736
303
2448
1480
8050
9957
2603
7030
2335
9772
5232
1743
1557
4601
6518
2499
1591
9122
1783
1006
6858
6693
1801
351
3753
-1
EOF
